19.856
9.35
32.065
22.374
22.914
19.343
19.07
19.529
22.495
25.633
16.17
23.711
19.44
19.914
20.846
21.492
22.746
24.289
23.484
19.33
20.175
20.196
32.789
22.249
22.888
19.663
24.717
16.084
21.921
22.242
19.349
24.366
9.483
22.209
23.666
20.875
20.821
9.558
18.927
23.706
19.973
23.542
18.6
19.541
22.185
19.863
20.795
20.221
9.172
23.206
26.69
10.406
19.918
20.986
21.137
10.227
19.052
23.241
19.989
22.314
18.419
20.629
24.285
9.775
19.547
19.846
24.129
19.473
23.538
20.179
20.166
18.552
22.747
26.995
23.263
34.279
21.814
24.99
21.701
20.215
20.415
21.96
